GEOID	ANSICODE	NAME	POP10	HU10	ALAND	AWATER	ALAND_SQMI	AWATER_SQMI	INTPTLAT	INTPTLONG 
0010	01934337	Acoma Pueblo	3005	1162	1065682959	331929	411.463	0.128	34.866771	-107.688878 
0020	01934324	Agua Caliente Indian Reservation	24545	22787	126642854	943876	48.897	0.364	33.787734	-116.532012
0050	01350923	Alabama-Coushatta Reservation	572	225	18528578	83761	7.154	0.032	30.733383	-94.710044 
0080	00978667	Allegany Reservation	6490	3128	105895797	19741044	40.887	7.622	42.124118	-78.670416
0095	00218194	Alturas Indian Rancheria	0	1	100606	0	0.039	0.000	41.477654	-120.524404
0110	01934114	Annette Island Reserve	1460	544	343947256	213611738	132.799	82.476	55.138069	-131.470741
0120	00218454	Auburn Rancheria	0	0	279781	0	0.108	0.000	38.840352	-121.314821
0125	00238830	Augustine Reservation	0	0	2271942	0	0.877	0.000	33.649863	-116.191202
0140	01577209	Bad River Reservation	1479	665	499296160	9997639	192.779	3.860	46.524276	-90.669118 
0155	00255962	Barona Reservation	640	219	24115452	0	9.311	0.000	32.955270	-116.844301
0165	00838653	Battle Mountain Reservation	148	65	2727549	0	1.053	0.000	40.664247	-116.969856 
0170	01622234	Bay Mills Reservation	681	264	8950435	289940	3.456	0.112	46.446368	-84.609965 
0185	02419307	Benton Paiute Reservation	76	34	596680	0	0.230	0.000	37.793469	-118.520835 
0200	00256849	Berry Creek Rancheria	2	2	155924	0	0.060	0.000	39.625609	-121.327883 
0215	00256889	Big Bend Rancheria	9	3	182729	0	0.071	0.000	41.026421	-121.918896
0225	01934321	Big Cypress Reservation	591	273	212782184	581510	82.156	0.225	26.299389	-80.959286 
0240	00219211	Big Lagoon Rancheria	17	7	21072	0	0.008	0.000	41.164259	-124.120788
0250	00256983	Big Pine Reservation	499	202	1120999	0	0.433	0.000	37.158960	-118.285065 
0265	01667416	Big Sandy Rancheria	118	39	1024248	0	0.395	0.000	37.082553	-119.464114 
0275	00219277	Big Valley Rancheria	139	51	482651	0	0.186	0.000	39.020365	-122.887141 
0290	00264455	Bishop Reservation	1588	602	3503002	34784	1.353	0.013	37.364413	-118.420485
0305	00806895	Blackfeet Indian Reservation	10405	3720	6144645761	71351094	2372.461	27.549	48.652474	-112.896300
0325	02419316	Blue Lake Rancheria	47	21	127985	0	0.049	0.000	40.883196	-123.997974 
0335	02105053	Bois Forte Reservation	874	451	517131335	31652425	199.666	12.221	48.052388	-93.253597
0350	02419320	Bridgeport Reservation	35	20	142706	0	0.055	0.000	38.266336	-119.215937
0360	00300151	Brighton Reservation	694	293	147956929	58129	57.126	0.022	27.086039	-81.066257 
0400	01118340	Burns Paiute Indian Colony	126	52	3304028	0	1.276	0.000	43.602683	-119.063815
0415	01985192	Cabazon Reservation	835	219	7773332	0	3.001	0.000	33.687493	-116.168764
0435	00270144	Cahuilla Reservation	187	62	74936008	0	28.933	0.000	33.520243	-116.711755 
0440	00848690	Campbell Ranch	443	91	6708984	0	2.590	0.000	39.078195	-119.208243
0450	00270242	Campo Indian Reservation	362	140	66733682	0	25.766	0.000	32.673641	-116.363261
0495	00240225	Capitan Grande Reservation	0	0	64429149	832	24.876	0.000	32.922997	-116.754334
0510	00859157	Carson Colony	242	86	730858	0	0.282	0.000	39.139341	-119.775711
0525	01233634	Catawba Reservation	841	316	4082167	0	1.576	0.000	34.908355	-80.881480
0540	00978804	Cattaraugus Reservation	2185	865	86904067	2226871	33.554	0.860	42.538213	-79.009914
0555	00220808	Cedarville Rancheria	13	8	94077	0	0.036	0.000	41.526250	-120.183722
0575	01503930	Chehalis Reservation	642	245	17661932	532662	6.819	0.206	46.815734	-123.209733 
0585	00255956	Chemehuevi Reservation	308	720	124707588	0	48.150	0.000	34.540603	-114.408528 
0605	01267254	Cheyenne River Reservation	8088	2982	11031052770	393805638	4259.113	152.049	45.082644	-101.236077 
0620	02419337	Chicken Ranch Rancheria	4	2	28868	0	0.011	0.000	37.928494	-120.452142
0635	02419340	Chitimacha Reservation	555	219	1819473	0	0.703	0.000	29.883662	-91.531180 
0680	00937176	Pueblo de Cochiti	1727	741	207840140	4836791	80.248	1.867	35.610330	-106.314826 
0695	00003089	Cocopah Reservation	817	753	25995967	76159	10.037	0.029	32.614353	-114.799306 
0705	00395231	Coeur d'Alene Reservation	6760	4510	1356934960	33301406	523.916	12.858	47.294509	-116.825236
0720	00276284	Cold Springs Rancheria	184	48	416758	0	0.161	0.000	36.971586	-119.324232 
0735	00022753	Colorado River Indian Reservation	8764	5927	1184444159	17684719	457.316	6.828	33.939113	-114.388115
0750	02418877	Colusa Rancheria	76	26	1028550	0	0.397	0.000	39.253865	-122.024038 
0760	01529464	Colville Reservation	7685	3453	5479900174	179120751	2115.801	69.159	48.243797	-118.872063
0770	02418879	Coos, Lower Umpqua, and Siuslaw Reservation	0	0	82966	2912	0.032	0.001	42.810366	-124.447601 
0775	02418881	Coquille Reservation	323	167	26108297	102615	10.080	0.040	43.073552	-123.910054 
0780	00221603	Cortina Indian Rancheria	21	6	3077779	0	1.188	0.000	39.018296	-122.290411
0795	00545438	Coushatta Reservation	19	10	2983357	0	1.152	0.000	30.532110	-92.798727
0815	02418898	Cow Creek Reservation	78	29	10056766	0	3.883	0.000	43.065647	-123.352079 
0825	01985199	Coyote Valley Reservation	144	30	347174	0	0.134	0.000	39.254183	-123.208917
0845	00806896	Crow Reservation	6847	2260	9228038145	31354289	3562.966	12.106	45.398458	-107.712806 
0855	01267067	Crow Creek Reservation	2010	608	1094358696	100590002	422.534	38.838	44.124682	-99.463768 
0940	00862214	Dresslerville Colony	314	123	3178584	0	1.227	0.000	38.903803	-119.711570 
0955	00222639	Dry Creek Rancheria	0	0	325807	0	0.126	0.000	38.702491	-122.856484 
0965	00858264	Duck Valley Reservation	1309	493	1161676213	10555355	448.526	4.075	41.995269	-116.183786 
0975	00845441	Duckwater Reservation	156	75	16137152	57666	6.231	0.022	38.927055	-115.708820
0990	01018039	Eastern Cherokee Reservation	9018	4028	211578363	47464	81.691	0.018	35.536440	-83.247826 
1005	00856239	Elko Colony	736	267	781015	0	0.302	0.000	40.850687	-115.765395 
1010	01657318	Elk Valley Rancheria	91	39	361182	0	0.139	0.000	41.760326	-124.156507
1040	00859672	Ely Reservation	202	71	14629585	0	5.649	0.000	39.156100	-115.013166
1055	00259950	Enterprise Rancheria	1	3	168284	0	0.065	0.000	39.561638	-121.355480
1065	00241187	Ewiiaapaayp Reservation	0	0	22139266	0	8.548	0.000	32.841633	-116.385655 
1070	00850495	Fallon Paiute-Shoshone Colony	130	48	234278	0	0.090	0.000	39.484796	-118.760693
1075	00840414	Fallon Paiute-Shoshone Reservation	581	262	33125610	0	12.790	0.000	39.521002	-118.618146
1100	02418935	Flandreau Reservation	418	156	8973390	86662	3.465	0.033	44.083963	-96.589693
1110	00806894	Flathead Reservation	28359	15149	5013669297	316353119	1935.789	122.145	47.496665	-114.283915
1125	00654521	Fond du Lac Reservation	4240	1723	398567058	12670001	153.888	4.892	46.756209	-92.641644 
1135	02418936	Forest County Potawatomi Community	553	214	50135210	175451	19.357	0.068	45.489150	-88.620868 
1140	00004741	Fort Apache Reservation	13409	3815	6799286318	15508382	2625.219	5.988	33.936641	-110.134086 
1150	00767938	Fort Belknap Reservation	2851	994	2510842961	9531516	969.442	3.680	48.201990	-108.630473 
1160	01934325	Fort Berthold Reservation	6341	3614	3416490224	682466329	1319.114	263.502	47.769674	-102.296778 
1170	00260275	Fort Bidwell Reservation	94	49	13858152	14724	5.351	0.006	41.864135	-120.193204
1185	00399059	Fort Hall Reservation	5767	2057	2107579061	106333962	813.741	41.056	42.968171	-112.364866 
1195	00260277	Fort Independence Reservation	93	49	2261361	0	0.873	0.000	36.841118	-118.228936
1210	00859740	Fort McDermitt Indian Reservation	334	122	140875044	0	54.392	0.000	41.955742	-117.658418
1220	00036978	Fort McDowell Yavapai Nation Reservation	971	308	99968323	934540	38.598	0.361	33.646163	-111.659895 
1235	00024003	Fort Mojave Reservation	1243	650	133381331	2974771	51.499	1.149	34.938272	-114.614511 
1250	00805884	Fort Peck Indian Reservation	10008	3777	8516648986	34551258	3288.297	13.340	48.367538	-105.529709
1260	02418940	Fort Pierce Reservation	60	30	244944	0	0.095	0.000	27.402103	-80.434891 
1280	00242378	Fort Yuma Indian Reservation	2197	878	178533476	3609809	68.932	1.394	32.801848	-114.662749
1310	00023998	Gila River Indian Reservation	11712	3238	1513451652	939548	584.347	0.363	33.154472	-111.924605 
1340	01455300	Goshute Reservation	143	63	487157766	13116	188.093	0.005	39.868969	-114.074069 
1355	00654523	Grand Portage Reservation	565	313	192573177	3200852	74.353	1.236	47.965288	-89.737130
1365	02418950	Grand Ronde Community	153	82	41086962	0	15.864	0.000	45.148785	-123.646912
1370	02418951	Grand Traverse Reservation	2	1	74273	0	0.029	0.000	45.019964	-85.605696 
1380	01666180	Greenville Rancheria	33	17	284692	0	0.110	0.000	40.148784	-120.893399
1395	00266781	Grindstone Indian Rancheria	164	50	326144	22791	0.126	0.009	39.672678	-122.517649
1400	00224709	Guidiville Rancheria	52	16	175438	0	0.068	0.000	39.165431	-123.169940
1410	01616983	Hannahville Indian Community	264	84	14644666	0	5.654	0.000	45.780065	-87.433697 
1440	00045638	Havasupai Reservation	465	116	714399924	0	275.831	0.000	36.160989	-112.613439
1450	02418963	Ho-Chunk Nation Reservation	801	277	2484493	0	0.959	0.000	44.346068	-90.755476
1460	01505548	Hoh Indian Reservation	116	30	1724400	96894	0.666	0.037	47.739509	-124.421319
1475	00284183	Hollywood Reservation	1742	1475	1998358	56408	0.772	0.022	26.041869	-80.212038
1490	00252109	Hoopa Valley Reservation	3041	1172	364587639	2376733	140.768	0.918	41.092824	-123.675804 
1505	00024001	Hopi Reservation	7106	2661	6557660010	2407661	2531.927	0.930	35.922658	-110.608449
1515	00225577	Hopland Rancheria	16	7	312712	0	0.121	0.000	38.981744	-123.058200
1530	02418969	Houlton Maliseet Reservation	211	69	3337761	22653	1.289	0.009	46.180696	-67.814694
1545	00045633	Hualapai Indian Reservation	1335	422	4121388395	8117294	1591.277	3.134	35.509501	-113.401013
1550	02109298	Huron Potawatomi Reservation	51	25	502064	18340	0.194	0.007	42.105226	-85.261018
1555	02418972	Immokalee Reservation	127	62	2511687	21068	0.970	0.008	26.402612	-81.413473 
1560	00243797	Inaja and Cosmit Reservation	0	0	3484659	0	1.345	0.000	33.010512	-116.641643 
1575	02418973	Indian Township Reservation	718	282	97372937	17830335	37.596	6.884	45.289867	-67.619350
1590	00479831	Iowa (KS-NE) Reservation	166	70	50884152	15537	19.646	0.006	39.997045	-95.382412 
1610	01616981	Isabella Reservation	26274	11474	561044692	4435080	216.621	1.712	43.676112	-84.780745 
1625	01934338	Isleta Pueblo	3400	1374	854816202	2421806	330.046	0.935	34.889634	-106.648017
1640	00226085	Jackson Rancheria	0	0	1191716	0	0.460	0.000	38.384878	-120.722678
1655	02418978	Jamestown S'Klallam Reservation	3	1	72310	82645	0.028	0.032	48.026874	-122.998444
1670	02418979	Jamul Indian Village	0	0	59534	0	0.023	0.000	32.702651	-116.870852 
1685	00916031	Jemez Pueblo	1815	522	361713786	13020	139.658	0.005	35.759354	-106.882109
1690	02453210	Jena Band of Choctaw Reservation	0	0	262652	0	0.101	0.000	31.438102	-92.497824
1700	01934339	Jicarilla Apache Nation Reservation	3250	1171	3405591475	10114525	1314.906	3.905	36.554535	-107.067712
1720	00023994	Kaibab Indian Reservation	240	97	491433194	19920	189.743	0.008	36.911113	-112.666865 
1735	01528426	Kalispel Reservation	231	61	20190277	310448	7.796	0.120	48.356477	-117.276365
1750	02418982	Karuk Reservation	73	22	67101	0	0.026	0.000	41.800931	-123.376732
1770	00479833	Kickapoo (KS) Reservation	4134	1942	611934187	1457980	236.269	0.563	39.674648	-95.610927
1775	02418986	Kickapoo (TX) Reservation	366	140	496850	1492	0.192	0.001	28.610032	-100.437569
1785	02418990	Klamath Reservation	26	19	1287240	0	0.497	0.000	42.535168	-121.880253
1800	00394860	Kootenai Reservation	51	19	90698	0	0.035	0.000	48.707748	-116.369830 
1815	01577192	Lac Courte Oreilles Reservation	2794	2115	277738299	41309816	107.235	15.950	45.881157	-91.330564 
1825	01580845	Lac du Flambeau Reservation	3442	3354	277156580	73028507	107.011	28.196	45.984764	-89.879628 
1830	02418993	Lac Vieux Desert Reservation	137	53	998157	0	0.385	0.000	46.282524	-89.172383 
1840	01934340	Laguna Pueblo	4043	1367	2033853391	2354663	785.275	0.909	35.027112	-107.234011 
1850	00271928	La Jolla Reservation	476	181	34958047	0	13.497	0.000	33.265036	-116.849704
1860	01934336	Lake Traverse Reservation	10922	5475	3753467654	153560697	1449.222	59.290	45.643635	-97.092371
1880	01616978	L'Anse Reservation	3566	1774	237839952	46850103	91.831	18.089	46.780002	-88.370182
1895	00255947	La Posta Indian Reservation	55	19	16560587	0	6.394	0.000	32.734509	-116.391249 
1915	00853945	Las Vegas Indian Colony	154	31	16150939	0	6.236	0.000	36.350553	-115.340989
1925	00226975	Laytonville Rancheria	212	69	788337	0	0.304	0.000	39.669290	-123.500682
1940	00659096	Leech Lake Reservation	10660	7756	2521446007	872654872	973.536	336.934	47.353891	-94.242020 
1955	00276402	Likely Rancheria	0	0	6237	0	0.002	0.000	41.204769	-120.478831
1960	02418998	Little River Reservation	1	0	702364	7307	0.271	0.003	44.286276	-86.248740 
1963	02419000	Little Traverse Bay Reservation	51	27	2236749	928	0.864	0.000	45.354375	-84.978622
1970	00275865	Lone Pine Reservation	212	102	952613	0	0.368	0.000	36.596883	-118.056042 
1980	00227643	Lookout Rancheria	11	5	163356	0	0.063	0.000	41.213876	-121.093398
1995	00272219	Los Coyotes Reservation	98	35	101560626	0	39.213	0.000	33.297698	-116.556020
2015	00850417	Lovelock Indian Colony	88	40	83595	0	0.032	0.000	40.173900	-118.483211 
2030	01267015	Lower Brule Reservation	1504	439	874844233	119541054	337.779	46.155	44.092308	-99.755874 
2040	01528424	Lower Elwha Reservation	356	116	1753578	251917	0.677	0.097	48.141865	-123.555823 
2055	00647264	Lower Sioux Indian Community	419	141	6822380	119250	2.634	0.046	44.530848	-94.990519
2070	01511578	Lummi Reservation	4706	1989	53520348	41468917	20.664	16.011	48.767362	-122.637845
2075	00227877	Lytton Rancheria	0	0	21937	0	0.008	0.000	37.952576	-122.334403 
2085	01511577	Makah Indian Reservation	1414	564	121058218	604070	46.741	0.233	48.333855	-124.635404 
2100	01985200	Manchester-Point Arena Rancheria	212	77	1524368	0	0.589	0.000	38.935690	-123.682571
2115	00245463	Manzanita Reservation	78	35	18572907	0	7.171	0.000	32.754717	-116.346112 
2130	00023997	Maricopa (Ak Chin) Indian Reservation	1001	299	84900632	0	32.780	0.000	33.007869	-112.041901
2145	00212541	Mashantucket Pequot Reservation	291	110	5454691	0	2.106	0.000	41.466053	-71.974703
2150	02547776	Match-e-be-nash-she-wish Band of Pottawatomi Reservation	0	0	633449	0	0.245	0.000	42.634062	-85.657204
2175	01831784	Menominee Reservation	2893	958	915505608	19032827	353.479	7.349	44.991304	-88.669251
2190	02419013	Mesa Grande Reservation	98	24	7058525	0	2.725	0.000	33.093169	-116.742366
2205	00924240	Mescalero Reservation	3613	1112	1860886619	1470265	718.492	0.568	33.176135	-105.583242 
2240	00307483	Miccosukee Reservation	406	109	332060439	9164	128.209	0.004	26.063621	-80.822485
2255	00228627	Middletown Rancheria	56	19	489059	0	0.189	0.000	38.728676	-122.625847
2270	02419017	Mille Lacs Reservation	4764	3207	249245441	12239400	96.234	4.726	46.086226	-93.547504
2300	00685014	Mississippi Choctaw Reservation	7436	1964	121615242	254184	46.956	0.098	32.815396	-89.246330 
2315	00845336	Moapa River Indian Reservation	260	92	287401217	0	110.966	0.000	36.570030	-114.742348
2320	02419022	Mohegan Reservation	0	0	1742811	0	0.673	0.000	41.490099	-72.093943
2330	00263771	Montgomery Creek Rancheria	12	6	311113	0	0.120	0.000	40.834187	-121.915658 
2340	02419023	Mooretown Rancheria	141	48	132045	0	0.051	0.000	39.467074	-121.519726
2360	00255940	Morongo Reservation	913	397	138338884	326156	53.413	0.126	33.965731	-116.817459 
2375	01533394	Muckleshoot Reservation	3850	1405	15350736	246509	5.927	0.095	47.266638	-122.150222
2400	00918263	Nambe Pueblo	1611	730	83062107	113166	32.070	0.044	35.870444	-105.919730
2415	02030138	Narragansett Reservation	0	3	8325814	5485	3.215	0.002	41.416058	-71.674091
2430	00042851	Navajo Nation Reservation	150011	55473	57595574935	66752807	22237.777	25.773	36.206019	-109.910904
2445	00399588	Nez Perce Reservation	18437	8499	3091851934	27143074	1193.771	10.480	46.306187	-116.400289 
2460	01528422	Nisqually Reservation	575	190	20486874	806564	7.910	0.311	47.021063	-122.660843
2475	02419035	Nooksack Reservation	0	0	29191	0	0.011	0.000	48.824143	-122.214271 
2490	01637567	Northern Cheyenne Indian Reservation	4785	1422	1805606297	346837	697.149	0.134	45.550799	-106.676381 
2495	02419036	North Fork Rancheria	11	4	267979	0	0.103	0.000	37.227501	-119.513528 
2505	01455571	Northwestern Shoshone Reservation	0	0	787668	0	0.304	0.000	41.945806	-112.234863 
2510	01934344	Ohkay Owingeh	6309	2599	68387930	797335	26.405	0.308	36.053246	-106.071637
2535	00979303	Oil Springs Reservation	1	11	2487843	28100	0.961	0.011	42.231299	-78.302818 
2550	00834985	Omaha Reservation	4773	1729	795199220	7680067	307.028	2.965	42.096891	-96.530650
2555	02419043	Oneida Nation Reservation	25	11	212697	0	0.082	0.000	43.040721	-75.619017 
2560	01577191	Oneida (WI) Reservation	22775	8585	264600622	306022	102.163	0.118	44.489587	-88.199731
2570	00979312	Onondaga Nation Reservation	468	325	23950344	119791	9.247	0.046	42.926508	-76.153224
2580	01934329	Ontonagon Reservation	0	12	9679643	0	3.737	0.000	46.973953	-89.103237 
2595	01100113	Osage Reservation	47472	21143	5818040494	149225472	2246.358	57.616	36.624680	-96.408385 
2625	01436088	Paiute (UT) Reservation	273	100	131567994	47655	50.799	0.018	37.170176	-113.783270
2635	00272502	Pala Reservation	1315	425	52706238	0	20.350	0.000	33.359309	-117.046814 
2680	02419049	Pascua Pueblo Yaqui Reservation	3484	833	5701723	0	2.201	0.000	32.114099	-111.081912 
2685	02419050	Paskenta Rancheria	0	0	8662059	9054	3.344	0.003	39.868128	-122.229080
2715	00272896	Pauma and Yuima Reservation	206	63	24251896	0	9.364	0.000	33.363216	-116.954949
2745	00272911	Pechanga Reservation	346	212	18159531	6136	7.011	0.002	33.444624	-117.054477 
2760	01913813	Penobscot Reservation	610	266	19569109	38121898	7.556	14.719	45.044455	-68.665010
2775	01670201	Picayune Rancheria	57	20	280566	0	0.108	0.000	37.212017	-119.695551
2785	01934341	Picuris Pueblo	1886	975	70852467	7087	27.356	0.003	36.200284	-105.709467
2810	01263144	Pine Ridge Reservation	18834	5387	11248872512	27418612	4343.214	10.586	43.347662	-102.090719 
2820	00230747	Pinoleville Rancheria	129	45	421979	0	0.163	0.000	39.180186	-123.217798
2850	00573503	Pleasant Point Reservation	749	287	1467670	1050200	0.567	0.405	44.954729	-67.044628 
2865	02419057	Poarch Creek Reservation	169	81	1070865	7846	0.413	0.003	31.105934	-87.564654 
2890	02419058	Pokagon Reservation	4	2	2749363	12445	1.062	0.005	41.777104	-86.714584
2910	01507567	Port Gamble Reservation	682	194	4855056	0	1.875	0.000	47.852944	-122.560639
2925	01507571	Port Madison Reservation	7640	3579	30177034	0	11.651	0.000	47.736788	-122.554054
2980	01934332	Prairie Band of Potawatomi Nation Reservation	1469	575	314701437	174487	121.507	0.067	39.347301	-95.839787
2985	00654519	Prairie Island Indian Community	171	67	2274429	172313	0.878	0.067	44.632253	-92.654448
2990	00937193	Pueblo of Pojoaque	3283	1535	54748545	0	21.139	0.000	35.893489	-106.026271
3000	01514929	Puyallup Reservation	46813	18348	73844286	2014508	28.511	0.778	47.244820	-122.369614
3010	00857503	Pyramid Lake Paiute Reservation	1660	697	1438613789	450821473	555.452	174.063	40.033103	-119.492135
3020	00265103	Quartz Valley Reservation	117	55	2451492	0	0.947	0.000	41.611483	-122.972359 
3030	01511646	Quileute Reservation	460	159	4153229	9612	1.604	0.004	47.906330	-124.621522
3040	01531838	Quinault Reservation	1408	499	809766967	29595276	312.653	11.427	47.417483	-124.140295 
3070	00273181	Ramona Village	13	3	2195130	14944	0.848	0.006	33.606435	-116.703024
3085	01577204	Red Cliff Reservation	1123	472	56847412	351031	21.949	0.136	46.895705	-90.771596 
3095	01682404	Redding Rancheria	34	13	106382	151	0.041	0.000	40.506378	-122.383364 
3100	01934331	Red Lake Reservation	5896	1828	2282540218	976530868	881.294	377.041	48.143131	-95.157745
3115	00231455	Redwood Valley Rancheria	238	87	1095257	0	0.423	0.000	39.290187	-123.179714
3130	00853944	Reno-Sparks Indian Colony	919	306	8698678	0	3.359	0.000	39.691805	-119.745477
3145	01657342	Resighini Rancheria	31	10	883218	0	0.341	0.000	41.514324	-124.016664 
3165	00273286	Rincon Reservation	1215	357	15956282	0	6.161	0.000	33.263911	-116.959051 
3185	00265444	Roaring Creek Rancheria	14	5	331930	234	0.128	0.000	40.893312	-121.953475
3195	00234577	Robinson Rancheria	191	51	725297	6661	0.280	0.003	39.140808	-122.881298
3205	00767936	Rocky Boy's Reservation	1870	494	227971464	306433	88.020	0.118	48.210397	-109.769007
3220	00231831	Rohnerville Rancheria	38	12	176276	0	0.068	0.000	40.579910	-124.123760 
3235	01266248	Rosebud Indian Reservation	9612	3142	3596342315	5854569	1388.556	2.260	43.208172	-100.717204
3250	00267196	Round Valley Reservation	74	27	30320905	11492	11.707	0.004	39.864220	-123.188371
3265	00232012	Rumsey Indian Rancheria	77	27	1975611	0	0.763	0.000	38.740492	-122.136455
3280	00463420	Sac and Fox/Meskwaki Settlement	1062	335	25553467	0	9.866	0.000	41.980802	-92.650167
3285	00479832	Sac and Fox Nation Reservation	155	75	59692874	0	23.048	0.000	40.009482	-95.513078 
3305	01843172	St. Croix Reservation	625	212	8116371	147464	3.134	0.057	45.528813	-92.281557 
3320	00979449	St. Regis Mohawk Reservation	3228	1222	49055456	5306037	18.940	2.049	44.978762	-74.643017
3340	00037072	Salt River Reservation	6289	2607	213670490	7486443	82.499	2.891	33.522201	-111.798109 
3355	00024000	San Carlos Reservation	10068	2627	7518015398	62683520	2902.722	24.202	33.336845	-110.134865
3370	01934343	Sandia Pueblo	4965	1827	99315026	1419431	38.346	0.548	35.242814	-106.524466 
3400	00910614	San Felipe Pueblo	3563	833	205910692	1314434	79.503	0.508	35.424856	-106.431824 
3415	00918342	San Ildefonso Pueblo	1752	741	113279925	540970	43.738	0.209	35.885151	-106.145666 
3445	00248904	San Manuel Reservation	112	44	2706561	0	1.045	0.000	34.156415	-117.217506
3460	00255933	San Pasqual Reservation	1097	372	5793800	0	2.237	0.000	33.211190	-116.962731 
3480	01934345	Santa Ana Pueblo	621	261	260382722	1328554	100.534	0.513	35.430560	-106.587407 
3495	00937196	Santa Clara Pueblo	11021	4906	199052189	650661	76.854	0.251	35.974588	-106.189371 
3520	00247949	Santa Rosa Rancheria	652	233	1620471	0	0.626	0.000	36.236111	-119.755133 
3525	01934330	Santa Rosa Reservation	71	32	44189655	0	17.062	0.000	33.556460	-116.529196
3540	00249132	Santa Ynez Reservation	271	105	629385	0	0.243	0.000	34.602733	-120.091417
3550	00255932	Santa Ysabel Reservation	330	140	60672787	0	23.426	0.000	33.183700	-116.658603
3565	01884912	Santee Reservation	901	360	447826212	30051354	172.907	11.603	42.710703	-97.821836
3585	00937201	Santo Domingo Pueblo	3255	666	274678529	728077	106.054	0.281	35.534142	-106.377155 
3625	02419131	Sauk-Suiattle Reservation	71	22	188279	0	0.073	0.000	48.320199	-121.548556 
3635	02419132	Sault Sainte Marie Reservation	338	121	2285875	45259	0.883	0.017	46.472999	-84.207742 
3680	00649741	Shakopee Mdewakanton Sioux Community	314	119	1052687	0	0.406	0.000	44.753901	-93.452687 
3735	00232986	Sherwood Valley Rancheria	154	50	1422993	0	0.549	0.000	39.537050	-123.488332 
3750	00233021	Shingle Springs Rancheria	102	35	699769	0	0.270	0.000	38.696686	-120.905640
3780	01508317	Shoalwater Bay Indian Reservation	76	33	2693570	644402	1.040	0.249	46.721463	-124.029196 
3795	01155124	Siletz Reservation	321	116	16572479	1260	6.399	0.000	44.756572	-123.743308 
3825	01525866	Skokomish Reservation	730	292	21255702	570419	8.207	0.220	47.333763	-123.157801
3840	01445643	Skull Valley Reservation	23	17	72932853	0	28.160	0.000	40.387420	-112.735813
3855	00274833	Smith River Rancheria	101	40	657825	0	0.254	0.000	41.955404	-124.206444
3860	02419473	Snoqualmie Reservation	0	0	229227	0	0.089	0.000	47.519190	-121.841581
3870	00249635	Soboba Reservation	482	183	23621538	476649	9.120	0.184	33.774142	-116.880664 
3885	01577206	Sokaogon Chippewa Community	412	165	7638046	888165	2.949	0.343	45.492131	-88.989178 
3925	00169585	Southern Ute Reservation	12153	5685	2742074120	12137427	1058.721	4.686	37.106404	-107.650138
3930	00861680	South Fork Reservation	94	43	39443125	10727	15.229	0.004	40.585387	-115.609984
3935	01934326	Spirit Lake Reservation	4238	1418	1009145829	25326523	389.633	9.779	47.905531	-98.868294
3940	01511576	Spokane Reservation	2094	777	615341303	31968397	237.585	12.343	47.929100	-118.048128
3955	01508671	Squaxin Island Reservation	268	95	6483657	0	2.503	0.000	47.189940	-122.910978
3970	01934335	Standing Rock Reservation	8217	2858	9242214082	243966187	3568.439	94.196	45.827427	-101.143395 
3980	02419480	Stewart Community	147	55	11447758	6001	4.420	0.002	39.061769	-119.810093 
3985	00235473	Stewarts Point Rancheria	78	20	174216	0	0.067	0.000	38.656578	-123.338968
4000	02419481	Stillaguamish Reservation	0	0	80329	0	0.031	0.000	48.214397	-122.185722
4015	01577203	Stockbridge Munsee Community	644	273	61733864	95807	23.836	0.037	44.906764	-88.870613
4030	00267889	Sulphur Bank Rancheria	61	13	193612	23477	0.075	0.009	39.008578	-122.670854
4045	00858261	Summit Lake Reservation	1	8	48222496	1837377	18.619	0.709	41.525736	-119.047384 
4060	00235836	Susanville Indian Rancheria	312	111	4064368	0	1.569	0.000	40.444226	-120.644472
4075	01528418	Swinomish Reservation	3010	1556	30838018	23602952	11.907	9.113	48.415394	-122.536396
4090	00273630	Sycuan Reservation	211	76	3313298	0	1.279	0.000	32.782043	-116.832665
4095	01665550	Table Bluff Reservation	103	34	305521	0	0.118	0.000	40.690650	-124.252180
4110	02419484	Table Mountain Rancheria	64	22	551202	0	0.213	0.000	36.984891	-119.635956
4130	02419488	Tampa Reservation	0	0	179695	1837	0.069	0.001	27.994128	-82.370365
4140	01934342	Taos Pueblo	4329	2484	401225767	154308	154.914	0.060	36.472691	-105.525026 
4170	00937203	Tesuque Pueblo	841	344	68548038	0	26.467	0.000	35.802926	-105.976181
4180	02419492	Timbi-Sha Shoshone Reservation	0	0	31762611	0	12.264	0.000	37.445637	-117.524741
4200	00023763	Tohono O'odham Nation Reservation	9813	3589	11534277099	883041	4453.409	0.341	32.150036	-112.070402 
4225	00979554	Tonawanda Reservation	517	217	30561278	180035	11.800	0.070	43.074127	-78.452884
4235	00032748	Tonto Apache Reservation	120	42	344696	0	0.133	0.000	34.221123	-111.328400 
4255	00255924	Torres-Martinez Reservation	5594	1313	88619087	38962137	34.216	15.043	33.346255	-116.020180
4275	00268407	Trinidad Rancheria	61	19	230908	0	0.089	0.000	41.054223	-124.130492
4290	01511575	Tulalip Reservation	10631	4368	89887049	45245930	34.706	17.470	48.076662	-122.261468 
4300	00275158	Tule River Reservation	1049	287	218117104	0	84.215	0.000	36.031012	-118.715010
4315	02419503	Tunica-Biloxi Reservation	108	50	1689057	0	0.652	0.000	31.113221	-92.053601 
4330	00236635	Tuolumne Rancheria	185	66	1539780	0	0.595	0.000	37.980781	-120.237944
4345	01934334	Turtle Mountain Reservation	6000	2089	174842281	11203087	67.507	4.326	48.862241	-99.794365 
4360	00979564	Tuscarora Nation Reservation	1152	473	23524712	0	9.083	0.000	43.162883	-78.950865 
4375	00250737	Twenty-Nine Palms Reservation	12	5	1555103	0	0.600	0.000	33.710485	-116.187762 
4390	01448012	Uintah and Ouray Reservation	24369	11695	17541659112	132005279	6772.873	50.968	40.412713	-110.746850 
4405	01159100	Umatilla Reservation	3031	1179	701112510	0	270.701	0.000	45.627097	-118.544274 
4430	01654496	Upper Lake Rancheria	87	48	1918812	8580	0.741	0.003	39.185265	-122.919206
4445	00653567	Upper Sioux Community	147	51	5172326	115488	1.997	0.045	44.762128	-95.508061
4455	02419510	Upper Skagit Reservation	220	86	456348	0	0.176	0.000	48.540730	-122.187278 
4470	00169579	Ute Mountain Reservation	1742	629	2302761197	597785	889.101	0.231	37.097125	-108.650152
4500	00251037	Viejas Reservation	520	192	6495679	0	2.508	0.000	32.850146	-116.692556 
4515	00857504	Walker River Reservation	746	363	1368415150	7784350	528.348	3.006	38.978794	-118.718154
4545	01133438	Warm Springs Reservation	4010	1062	2616835878	10698796	1010.366	4.131	44.868682	-121.443231 
4580	00849846	Wells Colony	70	28	328254	0	0.127	0.000	41.117016	-114.979017
4595	01934333	White Earth Reservation	9533	5360	2832504874	179684941	1093.636	69.377	47.211960	-95.727525 
4610	01597068	Wind River Reservation	26481	10527	8979311264	149680618	3466.932	57.792	43.272382	-108.844496
4625	00834982	Winnebago Reservation	2694	901	457887096	2944331	176.791	1.137	42.225627	-96.596102 
4635	00849652	Winnemucca Indian Colony	53	26	1441446	0	0.557	0.000	40.953163	-117.721199 
4665	01985241	Woodfords Community	214	65	1578776	0	0.610	0.000	38.800485	-119.794154 
4680	00252581	XL Ranch Rancheria	60	26	39457210	41941	15.235	0.016	41.551120	-120.452841
4690	01502906	Yakama Nation Reservation	31219	8910	5577393829	4239577	2153.444	1.637	46.268774	-120.749507
4700	01891160	Yankton Reservation	6465	2576	1723552879	49380249	665.468	19.066	43.103237	-98.374376
4708	00027214	Yavapai-Apache Nation Reservation	718	213	2614872	0	1.010	0.000	34.619457	-111.895724
4710	00036443	Yavapai-Prescott Reservation	192	74	5705750	0	2.203	0.000	34.550689	-112.435038
4725	00848133	Yerington Colony	151	63	81339	0	0.031	0.000	38.980848	-119.170908
4740	00862119	Yomba Reservation	95	36	18911928	11308	7.302	0.004	38.904158	-117.491063 
4755	02419529	Ysleta del Sur Pueblo	350	114	299402	0	0.116	0.000	31.926018	-106.037909 
4760	02419530	Yurok Reservation	1238	663	219458477	8670505	84.733	3.348	41.379159	-123.902329 
4770	01934347	Zia Pueblo	737	201	486370939	115707	187.789	0.045	35.561562	-106.744243
4785	01934346	Zuni Reservation	7891	2186	1705041949	3296124	658.320	1.273	35.039944	-108.748733
4910	02418987	Kickapoo (KS) Reservation/Sac and Fox Nation Trust Land joint-use area	0	0	1060454	0	0.409	0.000	39.701014	-95.720903 
4930	02419124	San Felipe Pueblo/Santa Ana Pueblo joint-use area	0	0	2842606	0	1.098	0.000	35.362751	-106.494877
4940	02419125	San Felipe Pueblo/Santo Domingo Pueblo joint-use area	0	0	3207221	0	1.238	0.000	35.473865	-106.371592
5540	01925075	Caddo-Wichita-Delaware OTSA	14782	6935	2660184070	28210711	1027.103	10.892	35.315557	-98.346317 
5550	02418810	Cherokee OTSA	505021	228039	17336681653	697945817	6693.730	269.478	36.223640	-95.184778
5560	02418814	Cheyenne-Arapaho OTSA	174108	74104	21022654973	153763583	8116.893	59.368	35.688271	-98.953825 
5580	02418818	Chickasaw OTSA	302861	138797	18829939115	487554877	7270.280	188.246	34.468334	-97.232572 
5590	02418833	Choctaw OTSA	233126	108288	27459916221	735533400	10602.333	283.991	34.507464	-95.445423 
5600	01925074	Citizen Potawatomi Nation-Absentee Shawnee OTSA	117911	46572	2892148862	44463141	1116.665	17.167	35.199388	-97.085291 
5620	01925077	Creek OTSA	758622	336721	11988308954	407496163	4628.712	157.335	35.665970	-96.011918 
5640	02418563	Eastern Shawnee OTSA	752	308	52696544	992843	20.346	0.383	36.849605	-94.689084 
5670	01925066	Iowa OTSA	6608	2932	923759227	8016315	356.665	3.095	35.818465	-97.078647
5690	01925070	Kaw OTSA	6130	2871	1233507117	53326081	476.260	20.589	36.890297	-97.022471 
5700	02418651	Kickapoo OTSA	19921	7899	646338683	6495206	249.553	2.508	35.538830	-97.024681 
5720	02418654	Kiowa-Comanche-Apache-Fort Sill Apache OTSA	197781	85884	16454250924	196642972	6353.022	75.924	34.657077	-98.896533 
5730	02418711	Miami OTSA	268	109	71767210	921898	27.709	0.356	36.969969	-94.961824 
5740	02418715	Modoc OTSA	292	103	16173615	0	6.245	0.000	36.861855	-94.640844
5760	01925068	Otoe-Missouria OTSA	814	330	498113444	24763923	192.323	9.561	36.422359	-97.086811 
5770	02419159	Ottawa OTSA	5919	2501	60616053	1494721	23.404	0.577	36.848953	-94.796285 
5780	01925076	Pawnee OTSA	16437	7668	1332959877	56853763	514.659	21.951	36.308628	-96.666126 
5795	02419165	Peoria OTSA	5019	2153	101791247	364782	39.302	0.141	36.900937	-94.744423 
5800	02419180	Ponca OTSA	2100	862	423806773	8587537	163.633	3.316	36.588226	-97.097763
5810	02419193	Quapaw OTSA	5357	2297	223729585	1225799	86.382	0.473	36.963317	-94.766266
5820	01925067	Sac and Fox OTSA	57450	26119	1914401478	28534694	739.155	11.017	35.716808	-96.779438 
5830	01925073	Seminole OTSA	23441	10707	1470207728	18963001	567.650	7.322	35.163105	-96.625947
5835	02419214	Seneca-Cayuga OTSA	4294	2809	187383153	28268247	72.349	10.914	36.688582	-94.691620
5860	01925069	Tonkawa OTSA	4056	1718	369101603	2726150	142.511	1.053	36.678641	-97.352219 
5890	02419290	Wyandotte OTSA	1672	780	84411862	3943304	32.592	1.523	36.796033	-94.706970 
5915	01925072	Creek/Seminole joint-use OTSA	2041	935	168833399	815816	65.187	0.315	35.282833	-96.464601
5950	02418647	Kaw/Ponca joint-use OTSA	27111	12704	281604884	4415036	108.728	1.705	36.745803	-97.135071 
5955	02418655	Kiowa-Comanche-Apache-Ft Sill Apache/Caddo-Wichita-Delaware joint-use OTSA	11621	5033	499257821	1557225	192.765	0.601	35.057593	-98.317610
5970	02418712	Miami/Peoria joint-use OTSA	4401	2003	32219959	439979	12.440	0.170	36.901454	-94.920374
6015	02418754	Akhiok ANVSA	71	27	20122466	6326008	7.769	2.442	56.949573	-154.214275
6020	02418755	Akiachak ANVSA	627	223	37605399	4125835	14.520	1.593	60.902886	-161.421759
6025	02418757	Akiak ANVSA	346	98	2615875	63649	1.010	0.025	60.903841	-161.228698 
6030	02418758	Akutan ANVSA	1003	44	3673689	251974	1.418	0.097	54.138196	-165.790810
6035	02418759	Alakanuk ANVSA	677	186	76485020	26008998	29.531	10.042	62.711160	-164.644712 
6040	02418760	Alatna ANVSA	32	18	46610164	937813	17.996	0.362	66.563980	-152.767612 
6045	02418763	Aleknagik ANVSA	219	119	31890424	17610430	12.313	6.799	59.288961	-158.664343
6065	02418765	Algaaciq ANVSA	424	161	5568933	667725	2.150	0.258	62.064258	-163.168199
6070	02418766	Allakaket ANVSA	171	78	22023903	1579530	8.503	0.610	66.538603	-152.621292
6075	02418768	Ambler ANVSA	258	99	23260402	4003445	8.981	1.546	67.100657	-157.847803 
6080	02418769	Anaktuvuk Pass ANVSA	324	118	12521157	139516	4.834	0.054	68.151791	-151.700070 
6095	02418771	Andreafsky ANVSA	83	48	66294854	5737121	25.597	2.215	62.065286	-163.249479
6100	02418772	Angoon ANVSA	459	256	63223961	37190075	24.411	14.359	57.440717	-134.477712 
6105	02418773	Aniak ANVSA	501	219	30501014	6166531	11.777	2.381	61.566140	-159.505568 
6125	02418774	Anvik ANVSA	85	46	25071453	5889251	9.680	2.274	62.631016	-160.213686 
6140	02418776	Arctic Village ANVSA	152	85	30974104	9702470	11.959	3.746	68.095845	-145.612834 
6150	02418779	Atka ANVSA	61	43	22213781	858574	8.577	0.331	52.213091	-174.215643 
6160	02418780	Atmautluak ANVSA	277	70	1406141	1205795	0.543	0.466	60.860891	-162.271154
6165	02418782	Atqasuk ANVSA	233	68	100254298	9365008	38.708	3.616	70.480786	-157.325459 
6175	02418784	Barrow ANVSA	4212	1554	48787510	6889651	18.837	2.660	71.254084	-156.798949
6190	02418786	Beaver ANVSA	84	56	52461849	1940419	20.256	0.749	66.390584	-147.337916
6195	02418788	Belkofski ANVSA	0	1	6911439	2007141	2.669	0.775	55.091220	-162.041890
6205	02418790	Bethel ANVSA	6080	2364	111843958	14303325	43.183	5.523	60.792913	-161.793405
6225	02418793	Bill Moore's ANVSA	0	2	6325331	0	2.442	0.000	62.943662	-163.781132 
6235	02418794	Birch Creek ANVSA	33	18	22654459	656079	8.747	0.253	66.266525	-145.873878
6240	02418796	Brevig Mission ANVSA	388	103	6627719	183760	2.559	0.071	65.343920	-166.508493
6250	02418797	Buckland ANVSA	416	101	3640031	417369	1.405	0.161	65.976106	-161.138699
6255	02418800	Cantwell ANVSA	219	199	257577607	150364	99.451	0.058	63.416332	-148.727978
6257	02575178	Canyon Village ANVSA	0	3	79690832	8157677	30.769	3.150	67.180570	-142.049514
6265	02418804	Chalkyitsik ANVSA	69	67	21965885	733017	8.481	0.283	66.646693	-143.798881
6275	02418807	Chefornak ANVSA	418	99	14814885	1749232	5.720	0.675	60.151220	-164.251364
6280	02418808	Chenega ANVSA	76	51	75848938	716582	29.285	0.277	60.091904	-147.994692
6285	02418813	Chevak ANVSA	938	219	2562638	54922	0.989	0.021	61.530883	-165.597175 
6290	02418816	Chickaloon ANVSA	23087	9171	15428078530	156654922	5956.815	60.485	62.183533	-148.160918
6295	02418820	Chignik ANVSA	91	105	29494078	11617239	11.388	4.485	56.294355	-158.395643 
6300	02418821	Chignik Lagoon ANVSA	78	66	35672336	0	13.773	0.000	56.304623	-158.498510
6305	02418823	Chignik Lake ANVSA	73	53	40124981	9963549	15.492	3.847	56.271969	-158.789108
6310	02418825	Chilkat ANVSA	99	73	3948241	1362000	1.524	0.526	59.399943	-135.893602
6315	02418826	Chilkoot ANVSA	441	229	1214986	0	0.469	0.000	59.224794	-135.444938 
6325	02418829	Chistochina ANVSA	78	59	69395633	0	26.794	0.000	62.608185	-144.599364 
6330	02418831	Chitina ANVSA	96	78	309369885	826078	119.448	0.319	61.527194	-144.509901 
6335	02418834	Chuathbaluk ANVSA	118	41	8976838	4460270	3.466	1.722	61.575539	-159.247070 
6340	02418835	Chulloonawick ANVSA	0	10	92521473	26594750	35.723	10.268	62.930286	-164.085202 
6350	02418836	Circle ANVSA	104	52	274630401	1398598	106.035	0.540	65.838956	-144.179638
6360	02418839	Clarks Point ANVSA	62	50	7957237	2541165	3.072	0.981	58.833369	-158.528810 
6365	02418846	Copper Center ANVSA	442	265	39904543	0	15.407	0.000	61.990991	-145.354439 
6380	02418849	Council ANVSA	0	37	55014136	2345324	21.241	0.906	64.889389	-163.589615
6385	02418851	Craig ANVSA	1478	688	37571006	6010655	14.506	2.321	55.492520	-133.113360
6390	02418852	Crooked Creek ANVSA	105	47	258517645	19617643	99.814	7.574	61.824119	-158.063707
6400	02418551	Deering ANVSA	122	61	13072221	189701	5.047	0.073	66.069313	-162.768610 
6405	02418554	Dillingham ANVSA	2378	1072	183628200	7194806	70.899	2.778	59.133181	-158.568925 
6415	02418555	Dot Lake ANVSA	62	28	11052998	0	4.268	0.000	63.662262	-144.016014
6420	02418558	Douglas ANVSA	5474	2607	198244574	102630	76.543	0.040	58.267275	-134.537882 
6430	02418560	Eagle ANVSA	69	54	44055214	0	17.010	0.000	64.743410	-141.113862 
6440	02418566	Eek ANVSA	296	101	2360326	317433	0.911	0.123	60.214050	-162.030483 
6445	02418567	Egegik ANVSA	109	256	85542048	99116211	33.028	38.269	58.232606	-157.423222 
6450	02418569	Eklutna ANVSA	54	29	11786598	10405434	4.551	4.018	61.466852	-149.339817
6455	02418570	Ekuk ANVSA	2	53	10973221	0	4.237	0.000	58.805374	-158.530838 
6460	02418571	Ekwok ANVSA	115	51	42147708	3220884	16.273	1.244	59.345664	-157.488006
6470	02575181	Elim ANVSA	330	125	795718172	22721129	307.229	8.773	64.676991	-162.324527
6480	02418573	Emmonak ANVSA	762	213	19874048	3841427	7.673	1.483	62.785415	-164.552449 
6490	02418575	Evansville ANVSA	26	48	15594725	0	6.021	0.000	66.903149	-151.513776
6495	02418578	Eyak ANVSA	128	69	36734571	1798509	14.183	0.694	60.542171	-145.610419 
6500	02418579	False Pass ANVSA	35	38	33061429	0	12.765	0.000	54.890097	-163.410644
6515	02418585	Fort Yukon ANVSA	583	325	18770875	571551	7.247	0.221	66.587608	-145.229192 
6520	02418592	Gakona ANVSA	122	74	95033138	0	36.693	0.000	62.403325	-145.043690 
6525	02418594	Galena ANVSA	470	264	44478370	16489110	17.173	6.366	64.739952	-156.873969 
6530	02418595	Gambell ANVSA	681	200	28230083	4871754	10.900	1.881	63.762692	-171.687865 
6535	02418598	Georgetown ANVSA	2	5	113448638	2902387	43.803	1.121	61.936658	-157.615034 
6540	02418601	Golovin ANVSA	156	64	9644260	0	3.724	0.000	64.563667	-163.001003 
6545	02418602	Goodnews Bay ANVSA	243	82	9645305	0	3.724	0.000	59.128713	-161.575656
6550	02418603	Grayling ANVSA	194	63	28393442	32864	10.963	0.013	62.895443	-160.111792 
6560	02418604	Gulkana ANVSA	136	82	11215283	0	4.330	0.000	62.268861	-145.373832
6570	02418609	Hamilton ANVSA	0	1	13105564	397340	5.060	0.153	62.891157	-163.853664 
6575	02418613	Healy Lake ANVSA	13	38	122683832	21452190	47.368	8.283	63.982883	-144.701506
6585	02418617	Holy Cross ANVSA	178	86	78192358	18269017	30.190	7.054	62.187014	-159.856076
6590	02418618	Hoonah ANVSA	760	399	15555017	3319364	6.006	1.282	58.110820	-135.425471
6595	02418619	Hooper Bay ANVSA	1093	283	21291386	843347	8.221	0.326	61.535469	-166.121735
6605	02418621	Hughes ANVSA	78	41	10212134	2934837	3.943	1.133	66.049285	-154.232734
6610	02418622	Huslia ANVSA	275	105	42564926	1670600	16.434	0.645	65.706970	-156.305807
6615	02418623	Hydaburg ANVSA	376	139	1506298	5839	0.582	0.002	55.204120	-132.818341
6620	02418625	Igiugig ANVSA	50	19	53296292	4000528	20.578	1.545	59.305274	-155.867323 
6625	02418627	Iliamna ANVSA	109	58	96171235	1201114	37.132	0.464	59.779038	-154.875279
6630	02418629	Inalik ANVSA	115	47	7357539	0	2.841	0.000	65.753769	-168.923151
6650	02418632	Ivanof Bay ANVSA	7	12	10860665	0	4.193	0.000	55.918199	-159.493298 
6670	02418635	Kake ANVSA	557	290	23210323	15564766	8.962	6.010	56.977698	-133.904393 
6680	02418636	Kaktovik ANVSA	239	87	1868602	583167	0.721	0.225	70.121207	-143.629531 
6685	02418638	Kalskag ANVSA	210	74	9549628	1150450	3.687	0.444	61.539139	-160.348716 
6690	02418639	Kaltag ANVSA	190	87	55917062	15595706	21.590	6.022	64.313823	-158.779727
6700	02418641	Karluk ANVSA	37	21	63174486	2854041	24.392	1.102	57.590376	-154.364949
6705	02418643	Kasaan ANVSA	49	44	15542296	1265457	6.001	0.489	55.556100	-132.399388
6710	02418644	Kasigluk ANVSA	569	121	31290182	2699394	12.081	1.042	60.864056	-162.537863
6720	02418648	Kenaitze ANVSA	32902	16704	5074007169	251733389	1959.085	97.195	60.506496	-150.618631
6725	02575182	Ketchikan ANVSA	12742	5724	55949693	266569	21.602	0.103	55.371516	-131.669594 
6730	02418650	Kiana ANVSA	363	150	2865627	0	1.106	0.000	66.978430	-160.431808
6735	02418652	King Cove ANVSA	938	229	30280355	6474531	11.691	2.500	55.066682	-162.288933 
6740	02575183	King Salmon ANVSA	167	112	25776356	302763	9.952	0.117	58.722081	-156.709443
6750	02418656	Kipnuk ANVSA	639	176	51773656	821796	19.990	0.317	59.940130	-164.067409 
6755	02418658	Kivalina ANVSA	374	99	3874039	6384782	1.496	2.465	67.728579	-164.539688
6765	02418659	Klawock ANVSA	591	279	1809430	688254	0.699	0.266	55.552274	-133.096868 
6785	02418661	Knik ANVSA	65768	31286	17840898604	1233935593	6888.410	476.425	62.054896	-150.335548
6790	02418664	Kobuk ANVSA	151	51	42007620	1347622	16.219	0.520	66.924092	-156.904679
6795	02575184	Kodiak ANVSA	0	2	126102312	993073	48.688	0.383	57.855447	-152.568317
6800	02418666	Kokhanok ANVSA	170	65	53938507	304137	20.826	0.117	59.413337	-154.747452
6810	02418669	Kongiganak ANVSA	439	102	4868018	279431	1.880	0.108	59.964458	-162.882863
6815	02418671	Kotlik ANVSA	577	148	9785486	1878918	3.778	0.725	63.028875	-163.535732 
6820	02418672	Kotzebue ANVSA	3201	1160	69717781	4361738	26.918	1.684	66.870452	-162.511447
6825	02418673	Koyuk ANVSA	332	99	12350345	0	4.768	0.000	64.939607	-161.151272
6830	02418674	Koyukuk ANVSA	96	54	14511944	290257	5.603	0.112	64.902278	-157.694303
6835	02418675	Kwethluk ANVSA	721	231	26047290	4035206	10.057	1.558	60.791070	-161.426777
6840	02418676	Kwigillingok ANVSA	321	106	61487855	226611	23.741	0.087	59.876315	-163.158336 
6845	02418678	Kwinhagak ANVSA	669	187	11331095	2481888	4.375	0.958	59.755441	-161.899796 
6850	02575185	Lake Minchumina ANVSA	11	21	9994973	1038607	3.859	0.401	63.896717	-152.324326
6855	02418682	Larsen Bay ANVSA	87	70	13959500	5717266	5.390	2.207	57.550964	-154.004902
6860	02575186	Lesnoi ANVSA	0	5	6250334	313897	2.413	0.121	57.778753	-152.336381
6865	02418684	Levelock ANVSA	69	48	31328844	0	12.096	0.000	59.080210	-156.905229
6875	02418686	Lime Village ANVSA	29	27	198111275	5673660	76.491	2.191	61.348183	-155.374403 
6890	02418690	Lower Kalskag ANVSA	282	82	3167755	1280459	1.223	0.494	61.515813	-160.357635 
6895	02418700	McGrath ANVSA	346	195	122546993	18495815	47.316	7.141	62.938077	-155.548556 
6900	02418694	Manley Hot Springs ANVSA	89	114	38991603	0	15.055	0.000	65.005862	-150.614693 
6905	02418696	Manokotak ANVSA	442	138	92557099	3641829	35.736	1.406	59.003785	-158.995236 
6910	02418697	Marshall ANVSA	414	108	11866364	10495	4.582	0.004	61.881129	-162.060842
6915	02418698	Mary's Igloo ANVSA	0	5	1152435	125006	0.445	0.048	65.153439	-165.073375
6935	02418705	Mekoryuk ANVSA	191	86	16491475	14094	6.367	0.005	60.370730	-166.266987 
6945	02418707	Mentasta Lake ANVSA	92	54	97848588	4425154	37.780	1.709	62.903626	-143.702675 
6965	02418713	Minto ANVSA	210	94	7833799	0	3.025	0.000	65.151781	-149.372384 
6975	02418719	Mountain Village ANVSA	813	211	279969139	82410702	108.097	31.819	62.121302	-163.876357
6990	02418721	Naknek ANVSA	544	460	211212803	1710229	81.550	0.660	58.798573	-156.904680 
6995	02418725	Nanwalek ANVSA	254	73	21716626	35731	8.385	0.014	59.326523	-151.923902 
7005	02418727	Napaimute ANVSA	2	14	65245335	8317624	25.191	3.211	61.557110	-158.703037
7010	02418728	Napakiak ANVSA	354	114	11419091	1595548	4.409	0.616	60.682896	-161.998964
7020	02418729	Napaskiak ANVSA	405	135	9394241	912641	3.627	0.352	60.697551	-161.748891 
7025	02418732	Nelson Lagoon ANVSA	52	32	11816252	195536	4.562	0.075	55.976164	-161.310503
7030	02418734	Nenana ANVSA	378	215	15268757	147275	5.895	0.057	64.537903	-149.071851 
7035	02418738	Newhalen ANVSA	190	51	15288003	6029866	5.903	2.328	59.736860	-154.900770 
7040	02418736	New Koliganek ANVSA	209	66	43316958	889838	16.725	0.344	59.696580	-157.224952 
7050	02418737	New Stuyahok ANVSA	510	130	84130391	5778496	32.483	2.231	59.485550	-157.308109
7055	02418739	Newtok ANVSA	354	72	21552167	306524	8.321	0.118	60.810993	-164.499110
7065	02418741	Nightmute ANVSA	261	55	13573022	11658	5.241	0.005	60.483761	-164.704857
7070	02418744	Nikolai ANVSA	94	48	11910122	735984	4.599	0.284	62.998530	-154.374610
7075	02418745	Nikolski ANVSA	18	23	50875629	1896270	19.643	0.732	52.897502	-168.943928
7080	02418747	Ninilchik ANVSA	14512	8976	2327596355	1372963291	898.690	530.104	59.985333	-151.507668 
7085	02418749	Noatak ANVSA	514	114	41968774	1778539	16.204	0.687	67.589497	-163.010332
7095	02575187	Nome ANVSA	3681	1701	323953028	22518824	125.079	8.695	64.506408	-165.258689
7100	02419145	Nondalton ANVSA	164	94	21268101	1509259	8.212	0.583	59.976557	-154.863921
7110	02419146	Noorvik ANVSA	668	171	2429178	1089672	0.938	0.421	66.827182	-161.029203
7115	02419147	Northway ANVSA	242	112	92948794	8749038	35.888	3.378	62.968448	-141.818028
7125	02419151	Nuiqsut ANVSA	402	136	24400860	0	9.421	0.000	70.217102	-150.995545 
7130	02419152	Nulato ANVSA	264	134	107650468	6014192	41.564	2.322	64.689872	-158.283770 
7133	02419153	Nunam Iqua ANVSA	187	46	31421017	16447188	12.132	6.350	62.506535	-164.900384
7135	02419154	Nunapitchuk ANVSA	496	132	19310288	2588639	7.456	0.999	60.880266	-162.460278 
7145	02419155	Ohogamiut ANVSA	0	4	23208193	66140	8.961	0.026	61.587886	-161.872916 
7150	02419156	Old Harbor ANVSA	218	105	53174969	15516004	20.531	5.991	57.220040	-153.330498 
7175	02419157	Oscarville ANVSA	70	30	6642068	495257	2.565	0.191	60.723428	-161.787508
7180	02419160	Ouzinkie ANVSA	172	107	33544835	4978334	12.952	1.922	57.910272	-152.382792
7185	02419161	Paimiut ANVSA	0	1	65576122	0	25.319	0.000	61.724515	-165.764147 
7205	02419163	Pedro Bay ANVSA	42	33	44171624	5834641	17.055	2.253	59.782161	-154.107931 
7215	02419166	Perryville ANVSA	113	50	28892565	51371	11.155	0.020	55.930191	-159.146431 
7220	02575188	Petersburg ANVSA	2347	1059	6191306	423088	2.390	0.163	56.807277	-132.942796
7225	02419169	Pilot Point ANVSA	68	62	28260669	168030	10.912	0.065	57.568113	-157.562561
7230	02419170	Pilot Station ANVSA	568	137	4382289	1472332	1.692	0.568	61.946654	-162.878297
7235	02419171	Pitkas Point ANVSA	109	37	3994050	0	1.542	0.000	62.037393	-163.266822
7245	02419173	Platinum ANVSA	59	33	66483419	4143407	25.669	1.600	58.996327	-161.766496
7250	02419176	Point Hope ANVSA	674	221	12479131	176635	4.818	0.068	68.343946	-166.672880 
7255	02419177	Point Lay ANVSA	189	70	73847367	9782127	28.513	3.777	69.742065	-162.758207
7260	02419189	Portage Creek ANVSA	2	12	33338336	0	12.872	0.000	58.904908	-157.669052
7263	02575189	Port Alsworth ANVSA	159	74	58650530	161466	22.645	0.062	60.157849	-154.340609 
7265	02419184	Port Graham ANVSA	177	108	16544024	0	6.388	0.000	59.339790	-151.846501 
7270	02419186	Port Heiden ANVSA	102	56	131132691	1002867	50.631	0.387	56.964177	-158.580635 
7275	02419187	Port Lions ANVSA	194	113	219519004	57061317	84.757	22.031	57.785254	-152.770670
7300	02419195	Rampart ANVSA	24	37	5168218	0	1.995	0.000	65.502147	-150.151890
7305	02419197	Red Devil ANVSA	23	23	65077916	6991304	25.127	2.699	61.757561	-157.358451 
7310	02419201	Ruby ANVSA	166	108	19760826	0	7.630	0.000	64.722360	-155.501433
7315	02419202	Russian Mission ANVSA	312	74	14455376	932224	5.581	0.360	61.784563	-161.368628 
7340	02419228	St. George ANVSA	102	61	90002657	382164841	34.750	147.555	56.570519	-169.598681 
7375	02419229	St. Michael ANVSA	401	117	51848276	17190319	20.019	6.637	63.464848	-162.129262
7390	02419230	St. Paul ANVSA	479	190	103539843	5998586	39.977	2.316	57.179041	-170.325068 
7400	02419203	Salamatof ANVSA	980	300	20954536	439433	8.091	0.170	60.605180	-151.311787
7410	02419207	Sand Point ANVSA	976	290	19935701	448240	7.697	0.173	55.313368	-160.483552 
7415	02419208	Savoonga ANVSA	671	185	15787377	0	6.096	0.000	63.680766	-170.482782
7420	02419209	Saxman ANVSA	411	128	2528952	0	0.976	0.000	55.322820	-131.588969 
7425	02419210	Scammon Bay ANVSA	474	105	1617260	0	0.624	0.000	61.842624	-165.583266
7430	02419211	Selawik ANVSA	829	201	7582133	3060638	2.927	1.182	66.590751	-160.001206
7435	02419212	Seldovia ANVSA	427	427	34239731	3382783	13.220	1.306	59.455102	-151.665121
7440	02419215	Shageluk ANVSA	83	53	28718703	3480423	11.088	1.344	62.666418	-159.535392
7450	02419216	Shaktoolik ANVSA	251	70	2697212	0	1.041	0.000	64.359086	-161.201100
7465	02419217	Shishmaref ANVSA	563	151	42679352	3163	16.479	0.001	66.119071	-166.123277 
7470	02419218	Shungnak ANVSA	262	73	23096713	2580283	8.918	0.996	66.887099	-157.163964 
7475	02575190	Sitka ANVSA	4480	2036	6832488	901620	2.638	0.348	57.063844	-135.328837 
7485	02575191	Skagway ANVSA	967	635	212566056	11558359	82.072	4.463	59.567837	-135.258420 
7495	02419223	Sleetmute ANVSA	86	49	54760745	13575182	21.143	5.241	61.686404	-157.088052
7500	02419225	Solomon ANVSA	0	15	8901172	13565499	3.437	5.238	64.504715	-164.608825
7505	02419226	South Naknek ANVSA	79	130	243439124	6295483	93.992	2.431	58.658126	-157.011738
7510	02419232	Stebbins ANVSA	556	153	94204347	4098030	36.373	1.582	63.434614	-162.277635
7520	02419234	Stevens Village ANVSA	78	52	30141336	3750531	11.638	1.448	66.023590	-149.081592 
7525	02419236	Stony River ANVSA	54	26	7964376	4619162	3.075	1.783	61.793081	-156.586967
7530	02419241	Takotna ANVSA	52	41	61682584	0	23.816	0.000	62.982342	-156.084059 
7535	02419244	Tanacross ANVSA	136	73	205568820	4251332	79.371	1.641	63.328687	-143.494517 
7540	02419247	Tanana ANVSA	246	136	28595094	12025527	11.041	4.643	65.184555	-152.054643 
7555	02419248	Tatitlek ANVSA	88	75	18808312	7254876	7.262	2.801	60.897951	-146.679568
7560	02419250	Tazlina ANVSA	319	174	31805888	2206758	12.280	0.852	62.065522	-145.443459 
7565	02419252	Telida ANVSA	3	8	4335608	0	1.674	0.000	63.379388	-153.285166 
7570	02419253	Teller ANVSA	229	86	4891794	521462	1.889	0.201	65.251655	-166.351172 
7580	02419255	Tetlin ANVSA	130	68	473948421	28315914	182.993	10.933	63.127145	-142.389919 
7605	02419257	Togiak ANVSA	817	261	128820670	215500891	49.738	83.205	59.051508	-160.393670 
7625	02419259	Toksook Bay ANVSA	563	128	36914170	76341	14.253	0.029	60.552199	-165.108087 
7630	02419263	Tuluksak ANVSA	373	99	7569568	254342	2.923	0.098	61.104273	-160.937572 
7640	02419265	Tuntutuliak ANVSA	382	100	4959678	628092	1.915	0.243	60.345231	-162.666079 
7645	02419267	Tununak ANVSA	327	90	155599867	620621	60.077	0.240	60.607991	-165.120790
7650	02419269	Twin Hills ANVSA	74	36	58981073	686092	22.773	0.265	59.100182	-160.309262 
7655	02419272	Tyonek ANVSA	177	112	32765190	1708124	12.651	0.660	61.088114	-151.161217
7665	02419274	Ugashik ANVSA	12	25	233725677	4165192	90.242	1.608	57.500442	-157.281038
7690	02419276	Unalakleet ANVSA	688	281	30749945	6659727	11.873	2.571	63.931222	-160.790392
7695	02419277	Unalaska ANVSA	4376	1106	215418321	6063796	83.173	2.341	53.913312	-166.525080 
7725	02575192	Venetie ANVSA	149	79	31082573	0	12.001	0.000	67.028793	-146.403174
7735	02419281	Wainwright ANVSA	556	179	46461393	0	17.939	0.000	70.644838	-159.918656
7740	02419282	Wales ANVSA	145	51	6539061	0	2.525	0.000	65.614193	-168.081118 
7745	02419284	White Mountain ANVSA	190	79	4669849	600456	1.803	0.232	64.681831	-163.411928 
7755	02575193	Wrangell ANVSA	1189	604	2339293	0	0.903	0.000	56.473380	-132.378963
7765	02419292	Yakutat ANVSA	662	383	260257984	9407367	100.486	3.632	59.563588	-139.606191
8100	02418802	Cayuga Nation TDSA	2715	1403	98023828	92262060	37.847	35.623	42.790163	-76.714909 
8300	02418631	Ione Band of Miwok TDSA	5	5	5485655	0	2.118	0.000	38.458745	-120.848403
8450	02418703	Mechoopda TDSA	3106	1187	3395740	0	1.311	0.000	39.720793	-121.802193 
8750	02419206	Samish TDSA	36727	24318	581803058	1407813423	224.635	543.560	48.555359	-122.893979 
9100	01930930	Golden Hill Paugussett Reservation	4	4	399343	0	0.154	0.000	41.552187	-72.268020
9150	02418958	Hassanamisco Reservation	2	1	20909	0	0.008	0.000	42.212011	-71.704496 
9230	01470191	Mattaponi Reservation	65	33	279160	31696	0.108	0.012	37.661503	-76.915128 
9240	02419024	MOWA Choctaw Reservation	87	36	2694225	0	1.040	0.000	31.152068	-88.053417 
9260	01472036	Pamunkey Reservation	73	43	4422059	1958360	1.707	0.756	37.571833	-77.005218 
9280	00209709	Paucatuck Eastern Pequot Reservation	30	16	924356	59004	0.357	0.023	41.445532	-71.937776
9300	00979384	Poospatuck Reservation	324	124	291825	148132	0.113	0.057	40.788722	-72.832492 
9350	00210687	Schaghticoke Reservation	9	4	1122120	0	0.433	0.000	41.692509	-73.509126 
9370	00979494	Shinnecock Reservation	662	256	3494294	0	1.349	0.000	40.873761	-72.430970 
9400	02419487	Tama Reservation	9	8	365137	2118	0.141	0.001	30.862259	-84.265009 
9510	02418753	Adais Caddo SDTSA	2517	1268	378853299	4765818	146.276	1.840	31.756760	-93.281447
9515	02418775	Apache Choctaw SDTSA	6000	3441	221732322	2632993	85.611	1.017	31.631875	-93.656995 
9525	02564992	Beaver Creek SDTSA	1153	545	64936554	265588	25.072	0.103	33.528189	-81.296971
9550	02418812	Cher-O-Creek SDTSA	83668	37538	834624196	2892864	322.250	1.117	31.166448	-85.283267 
9560	02418811	Cherokee Tribe of Northeast Alabama SDTSA	12732	5557	87991417	379309	33.974	0.146	34.218723	-86.333309 
9580	02418815	Chickahominy SDTSA	3443	1484	134292965	64589	51.851	0.025	37.400993	-77.133801 
9630	02418840	Clifton Choctaw SDTSA	415	204	126420819	274301	48.811	0.106	31.318254	-92.864613 
9635	02418841	Coharie SDTSA	56432	24782	625707000	7892913	241.587	3.047	35.207911	-78.640567
9675	02418562	Eastern Chickahominy SDTSA	179	74	5781365	0	2.232	0.000	37.436323	-76.973239
9680	02418564	Echota Cherokee SDTSA	53622	22181	1318464917	7827585	509.062	3.022	34.458884	-87.226896 
9720	02418587	Four Winds Cherokee SDTSA	30286	13389	566911387	5173306	218.886	1.997	31.124631	-93.325024
9745	02418608	Haliwa-Saponi SDTSA	8102	3655	458499770	1187705	177.028	0.459	36.254685	-77.970833
9800	02575194	Lenape Indian Tribe of Delaware SDTSA	545	255	5823850	0	2.249	0.000	39.206736	-75.593479
9815	02418691	Lumbee SDTSA	490899	206298	4706425812	22035837	1817.161	8.508	34.791732	-79.162279 
9820	02418693	MaChis Lower Creek SDTSA	21818	10059	1730644014	6668836	668.205	2.575	31.332758	-86.004161
9825	02418704	Meherrin SDTSA	7956	3738	84493401	1159698	32.623	0.448	36.336859	-76.948837
9830	02418723	Nanticoke Indian Tribe SDTSA	7059	3771	71723310	223649	27.693	0.086	38.654750	-75.213642 
9835	02418724	Nanticoke Lenni Lenape SDTSA	5652	2157	49620133	642883	19.158	0.248	39.406155	-75.186273 
9838	02564991	Occaneechi-Saponi SDTSA	8615	3652	242454082	4347506	93.612	1.679	36.177418	-79.253301
9844	02564993	Pee Dee SDTSA	2915	715	132023708	1831757	50.975	0.707	34.720354	-79.660480 
9850	02419194	Ramapough SDTSA	847	263	18526333	260905	7.153	0.101	41.144116	-74.275724
9865	02418630	Sappony SDTSA	2372	1119	111355727	10556257	42.995	4.076	36.488060	-78.865471 
9875	02564994	Santee SDTSA	492	218	19886663	0	7.678	0.000	33.352216	-80.386828
9880	02419231	Star Muskogee Creek SDTSA	5377	2628	291728954	810206	112.637	0.313	31.718372	-85.977287 
9950	02575195	United Cherokee Ani-Yun-Wiya Nation SDTSA	5869	2840	21835453	2152751	8.431	0.831	34.306812	-86.309841 
9960	02419278	United Houma Nation SDTSA	203077	80955	1507399665	64463811	582.010	24.890	29.599958	-90.726653 
9963	02564995	Upper South Carolina Pee Dee SDTSA	1325	536	101986187	90857	39.377	0.035	34.528075	-79.422884
9967	02564996	Waccamaw SDTSA	24	11	3318591	10884	1.281	0.004	33.974805	-79.197939 
9970	02419280	Waccamaw Siouan SDTSA	2113	889	117471530	84841	45.356	0.033	34.396731	-78.552317 
9975	02584541	Wassamasaw SDTSA	2011	906	22897612	0	8.841	0.000	33.070123	-80.100736 
